98453 591260 916168 159285 850687 16160 443393 828797 157043 14828 843016 406648 617113 512056 995327 175671 456604 654270 574821 875140 491713 64162 691971 479020 904421 497006 986559 959137 370433 814846 693825 907158 939480 179394 944467 721170 279793 413221 642022 733121 650369 644142 162107 482471 37615 743659 599091 657944 330736 934591 583213 987807 501961 155514 369630 58604 821122 361625 38386 236044 800435 617458 937857 727871
328038 33771 68706 328805 56860 510158 212697 559317 7368 577362 998883 934721 235471 11795 476066 330259 778425 233323 267589 345596 776994 58509 784861 141349 131164 544708 438898 986380 653107 157157 900122 13134 514359 96751 585611 208761 611015 114543 9498 579653 384608 193914 570131 738045 888549 339503 272343 838352 351952 342526 881657 262133 704495 163897 501663 619695 202705 788820 433448 311285 745938 879220 380880 264169
5127 691901 237622 139032 823205 498873 475779 363842 721009 115586 668276 978589 278706 853929 431451 730934 964633 996071 341660 106238 501028 437537 484840 645187 881342 738382 258557 524962 109991 614526 828500 139500 416332 406542 673059 957823 363159 439711 817761 459125 880836 792591 262299 725155 295704 439399 949853 565320 590948 994982 683894 770882 913172 674427 812040 837955 656718 717862 276415 64608 57150 861227 103785 432559
815360 926425 851006 618097 679001 553789 855118 5886 247250 139873 546446 84316 883045 257665 79359 123487 535205 675625 737377 624718 964472 110211 547136 824317 286916 621078 459643 953278 263531 883702 31080 52533 546321 82218 993644 637773 686836 298532 316228 552659 132107 159059 729206 632589 966549 422039 100389 846746 789171 993018 865520 696687 434186 900233 126522 845198 7023 195605 128846 149692 260814 899290 961541 333426
844896 531469 992346 123631 160994 96486 70129 698881 671870 343710 329620 188011 823177 166863 482626 436952 521601 987456 315243 226133 705360 171656 18910 629638 10763 306749 115386 927956 68276 389475 983564 914392 956378 445349 71349 783358 649098 465241 373640 351938 687898 868027 971501 970537 222393 564598 916840 673597 282531 420952 206856 322232 71482 919364 743973 448531 592604 215374 649038 379905 574758 243164 804905 683798
400588 310361 868224 69623 875135 613947 407194 336043 919481 943683 421401 308339 877218 588692 51027 319457 817599 160783 780334 230456 407632 438061 810703 859923 594711 558590 667864 681938 732566 542571 505548 529603 868126 399428 603937 949225 46059 806301 24753 531541 348173 406160 559609 635782 740832 246309 967925 321202 923470 334375 269646 179728 557096 617976 311001 922824 807321 16998 600897 395457 383079 745052 89004 810985
869894 114317 988 151401 144216 692890 285945 448046 297591 186831 350027 888102 139307 506312 367594 136637 241134 947411 534995 684796 656238 955884 258887 77969 595195 720541 334279 345187 921443 677592 813949 445257 904320 45530 503885 63238 978382 898036 749967 579324 796666 430395 198388 337741 871374 927789 31780 944129 62219 518343 13191 222161 262420 24399 513265 42739 700316 3569 890083 251090 923707 393526 227949 370113
832334 126453 572377 569183 913472 946587 413277 966002 327708 9101 794457 819304 823857 257009 212735 99534 475167 220055 461844 319882 458207 861720 991183 346088 97267 576767 512292 524947 514588 559954 505630 207799 576708 857700 281870 799919 452454 47809 857154 201415 470237 939204 370693 353669 587843 367484 536605 832820 182767 27657 446922 953229 527348 929569 643913 123761 340737 114341 828497 754076 18380 22989 97552 210817
189251 927508 109025 741712 698053 206457 836620 861190 971027 630738 784828 605042 598552 854559 291128 624101 74105 705519 592159 160136 177787 104678 246258 59660 945015 825917 834911 486538 885619 677944 80032 101259 441639 895230 930816 986506 871458 579650 210105 364463 299229 447930 499530 983049 237563 853244 729016 729005 521576 120809 869721 773080 225055 474599 698403 947055 687395 713495 556261 392361 609663 148790 668086 213199
801858 201657 532265 710152 261556 681024 502208 976223 957671 681095 835076 678110 301856 850927 191746 778075 373896 75754 529606 71725 688485 827995 694937 678662 871708 873169 294471 794444 852379 841839 544128 268910 80594 816776 371969 694089 736561 707190 305098 240043 99399 902708 508623 615665 922840 342386 122064 4348 836965 461308 494057 66846 914872 429230 631364 534776 344088 691198 373880 463077 776801 949996 755176 647057
624489 759412 365927 545868 619083 502465 114635 69651 99604 737509 522800 177210 696573 104976 230180 723641 616100 52695 523861 179120 58813 742371 244159 371187 748369 896896 608260 730970 5285 550633 331407 436509 325127 345331 551429 145339 369936 561651 554158 148344 194233 607697 750770 86657 251314 462156 736364 39736 280750 2902 809093 447091 969971 267541 522199 583685 430583 931240 304688 959828 345601 870900 10126 780903
902318 474274 126481 845357 911851 871942 774524 437566 179092 267598 844338 265018 126755 232394 640906 726205 454222 686660 32951 875798 81503 421258 38353 954745 330975 579774 82297 187565 66258 988638 973859 393882 81215 738006 496558 734842 82631 116783 734747 194261 209257 994673 254861 542066 474113 805250 426420 696420 969761 25565 103407 6114 846096 951559 909166 964631 956388 785669 954702 774601 19387 624452 709288 538338
191405 234416 972194 172762 625122 461287 134840 542523 66130 131831 799493 621681 357851 804703 91987 340682 370520 65666 779851 276404 92692 806596 771980 598387 235192 999354 794485 308575 581578 18799 298143 452013 929110 425317 557621 358063 871533 664890 623442 867545 643348 315991 926853 802331 794222 937672 504192 911184 915995 81497 554823 88601 943351 670768 496606 288320 362280 541632 139469 45797 110761 257454 728628 825725
245255 341292 688821 212222 790574 40248 719578 347911 174955 513891 187011 835238 614372 897094 515147 722620 928384 362001 10279 558891 570820 206147 304150 522514 742467 610246 712450 22955 968223 707239 316535 540352 77912 76166 893019 307096 36494 130803 110266 212396 854441 766525 992350 635578 845082 774072 250746 809318 627562 6881 585728 998657 948897 345352 577015 876851 375574 52074 833812 806956 563176 399977 93798 455886
272558 406323 978483 782605 223163 355301 801004 31110 537684 603824 719902 451701 941780 419671 657478 34133 657816 865114 73119 448137 592089 713795 93321 929837 348294 974017 516906 444491 983896 509716 830529 740004 577644 873158 554989 137000 871719 541951 914499 846649 545251 670969 681325 511804 197839 224641 821606 392019 884238 843055 615305 940359 241613 809439 399678 369405 101046 980538 759865 310845 165039 393841 684240 577440
143442 70717 64833 628156 236790 557214 829338 542397 52591 343753 679372 110999 333014 151071 371300 673715 622208 74957 345938 604423 449607 970376 448884 266852 239413 549761 898816 768410 19872 588537 876378 931162 242926 229946 812001 160054 361350 981987 297985 643458 696156 855558 391618 675030 72154 7454 824111 337242 955491 925201 318178 397194 885164 118692 824219 91012 964193 65930 721448 156138 124172 953278 896187 209979
471746 17252 590396 759871 878110 707216 342647 704954 346535 439347 442241 982300 745615 897915 412838 384964 409208 674706 608340 538395 117932 675393 461318 354622 434033 862025 280367 735578 371583 179720 916302 685436 163937 301257 743511 19197 224553 96322 49243 357131 786233 313874 575122 245798 94024 160875 69447 97999 78556 712303 400292 487138 358134 692685 355423 613164 628453 797138 822452 623189 793479 428602 939983 70523
844556 470472 265852 825325 405988 723027 90320 522405 342148 336066 165126 454956 584618 832611 520198 609985 906430 971995 581597 174982 887074 985058 247662 486056 827113 994466 838567 31539 630198 38632 888788 412524 39526 68288 158870 378708 864733 713467 506827 617464 795001 147873 776631 751495 459658 390011 989398 687432 785455 910831 285970 416049 941364 785278 842998 132344 176959 516913 183656 343517 688050 75966 927753 495926
970416 689879 129713 47317 364457 903172 495560 877010 205714 714139 570300 136387 99834 330523 852659 227705 470441 906269 406064 851955 411183 323218 19670 374113 604885 960080 855655 749752 543857 997941 965741 898351 45230 946032 777255 7154 554957 789702 803432 609878 632275 102162 966184 592201 649483 12996 384622 798570 751477 22320 720977 453645 214221 51902 490086 61034 395255 965501 854569 74314 903536 553057 64890 666858
198148 397125 930698 61870 646709 77949 332384 863732 633854 758783 966287 415834 223458 802719 232490 199652 784597 110381 930157 777542 629048 121900 383152 696873 34269 471125 379505 600741 999436 511802 348291 989917 111068 960562 979486 758796 76356 592907 100249 308868 261854 533225 142942 426422 398921 363406 249642 87649 604542 498948 543706 107748 465445 326249 535265 348600 168200 550803 676973 478238 228351 203295 844957 182142
335050 564886 454453 595722 573305 657143 783692 960845 101296 325832 205571 487280 230486 906838 837059 782286 958534 159422 319527 902369 135521 538966 694284 340031 349872 713840 253802 843549 387818 747205 86639 851875 390812 583825 294871 967511 184422 649191 239700 189819 536415 780609 395930 58542 393314 722779 530339 775893 808647 672499 166904 932863 731196 237691 438914 966145 881917 187271 105062 155263 930078 585869 441732 317934
687218 135865 602868 446401 955758 827169 981929 211459 37301 957616 112574 287513 716100 732431 75825 8433 268750 3852 598141 920677 85104 54556 523747 706855 276989 452229 943273 254314 679867 21445 499287 59204 376205 796749 665544 782781 736043 207746 755083 418757 670276 731640 171947 809338 290159 560791 122998 746377 552077 448816 136934 606096 365979 429415 742988 633170 333967 67566 781348 997113 389515 901061 64514 93814
185864 840358 659889 169441 281219 840720 284928 639635 544110 692362 615850 465004 507293 804063 654705 134654 722511 181694 517734 222884 816804 164879 646822 84319 304177 745642 519011 640244 596675 915703 740974 157262 32777 35763 337490 946306 911113 992478 392478 245482 592545 611341 416734 747945 762773 174416 717676 461730 541526 858621 481038 460382 708156 603595 458220 75219 280102 12679 716557 744460 64510 885365 44381 145503
932042 500171 765627 375969 631109 467139 860480 110309 374859 979524 620308 71621 570626 945025 242647 973581 538784 308504 36618 28219 383769 796292 643925 600684 947923 805542 948198 608331 653823 498067 711745 929177 281748 104978 156890 716524 149938 493960 337569 774409 821524 682895 93101 632273 794531 147993 444392 148088 70936 41350 922427 425116 333857 364980 187272 179903 54846 521669 318530 416257 905013 588777 64874 908224
277419 193303 910785 221104 863238 125499 803458 111527 236477 708953 698969 166809 95930 556789 760389 398543 794170 473699 639563 907221 974981 111207 787397 574038 779716 539855 22435 579616 695579 259845 442149 159026 449485 772055 865987 844296 53992 346773 42095 302011 199561 810437 328102 95098 613489 299033 315448 829282 928805 565507 822128 550768 347687 192215 563137 381945 679021 851946 442951 32152 744857 968234 910992 739501
534084 906279 123103 617461 286772 975308 15391 557813 68166 35301 626090 212336 577447 426432 113629 573519 712915 866174 104263 893521 670941 12410 367662 247184 444937 454615 287552 37162 328837 445571 71490 613670 160479 822208 248863 109369 362912 286108 301690 637031 46795 237785 657319 932720 284300 586111 583578 825096 700175 132721 652700 843714 600627 231048 905795 181588 159474 648824 21350 956893 930522 377680 146786 73867
367146 200534 625454 858106 769936 887370 16843 112201 128641 15124 744134 560998 417088 493087 150643 252330 613557 174352 383354 541126 190922 10843 982286 371878 138002 760489 982223 243699 471462 693043 971109 303495 469026 909957 989219 581673 414441 926211 954127 510041 436761 728480 494484 443575 987645 359523 692905 154411 895130 66930 474852 899915 890485 636854 802728 751553 413574 144580 196180 435335 705235 948864 954885 784652
277084 92371 952753 19034 668733 520600 970365 987085 604347 917875 814972 389179 924036 789092 461672 548767 448489 398176 396658 393931 792079 819430 445546 253859 862434 12374 837777 518305 634128 977057 658812 248136 486394 648139 173780 817414 934576 292681 819508 188914 710639 19224 358426 198512 629574 836132 23090 966258 826718 765812 708410 876539 165876 281790 380503 469966 516878 609966 971911 417290 636824 478461 417962 493240
753290 863734 467740 589852 698289 161048 135545 418469 759292 137459 997595 167104 507024 820078 933685 647366 672377 130140 653680 298535 376926 494524 816773 422696 801969 107802 123711 244398 696969 175548 447862 790796 863499 660597 703466 208245 387151 717563 132728 773032 879298 649896 328320 297280 467716 727569 746066 808144 506379 609740 542410 65299 62401 107997 224110 829151 184458 425284 929919 998082 987104 30316 310518 664226
1876 344642 114275 183906 573420 598495 848168 780447 282427 98056 598288 483386 610056 819709 485139 248683 562096 825473 455598 470052 811141 992113 19223 677835 59866 391633 247370 955748 951341 422602 929685 358359 544835 75598 643398 461277 259866 518314 30363 940513 763868 692804 779507 337678 298765 270704 601740 108076 744858 443271 153487 249106 859280 471591 776353 184944 885946 425639 896682 870189 70212 949742 855289 745146
990215 282340 5192 155923 301527 909366 680311 500456 229701 156575 196870 27622 87164 609272 419207 830583 469817 687169 628566 852166 550572 286842 302531 861353 934707 183898 680693 88267 984716 580989 444321 225301 523973 389201 557232 149207 729946 623609 478246 158175 519820 32848 275509 615225 151981 434656 535124 248767 643687 845668 624505 59409 400852 367102 7674 943268 188431 908341 548976 630691 935980 955771 645414 196205
824943 454724 118273 447972 540313 196036 506230 425927 106342 158027 847991 865065 840331 958278 946023 933905 132958 866098 719348 650048 625935 561911 359124 984221 861582 616298 574932 217135 141283 910677 162758 37569 291299 68009 452628 343414 877848 886025 464143 707754 988985 191444 986846 53249 498068 215073 828315 640365 528788 958853 522297 509804 297745 98020 933793 639311 945348 477871 115331 952476 976412 122036 50672 999066
970337 605126 167124 360641 552800 423091 211785 113993 217784 649340 721835 938785 763399 92070 948025 770143 425785 427859 453152 959889 742031 666709 404186 549363 203050 225559 545142 932931 881552 513294 339973 879800 909816 309333 51657 1024 48204 121948 898392 640820 889344 12784 57249 642208 177359 901012 159730 696546 747716 330670 970640 625117 188357 891321 187232 829032 918266 651145 668508 78493 453535 719581 561878 857113
622463 355112 905878 309797 234986 678402 927807 133274 207978 276728 146843 269733 138721 764436 865612 330156 13670 801155 584912 97755 196093 364294 28199 130998 915712 639967 47407 631427 998658 577617 914047 165124 166202 136754 49385 260680 762733 981279 361915 995275 76267 228394 990263 112438 292827 661599 754210 95973 3282 135137 176915 944301 128221 380308 704828 513747 491139 404352 634541 691040 510219 168701 139416 719046
567962 688875 14199 845351 453734 665046 53288 424403 19736 632441 539174 874216 636849 432282 719211 566099 462013 229992 535170 943315 631505 30162 759718 964269 505988 182926 460885 712791 591997 420377 43350 593739 960609 756464 117387 242564 390109 399010 427299 764184 217310 589238 728984 331482 956528 850721 566078 863194 214630 535212 122808 460731 431129 365559 594870 790660 893802 76471 752847 835378 593548 148274 610031 457591
634639 250281 358905 734493 954925 671605 43014 326973 173759 630306 813704 176731 104754 979304 650994 358291 413234 926903 990386 114797 911408 696133 753450 682978 405642 902143 217386 963157 941739 598828 323504 249295 527780 711312 804640 513181 145522 33115 302932 656328 821266 408624 104032 159721 603593 437949 366226 314264 414252 481029 48853 258167 209266 405284 640039 762961 359021 435875 741996 144914 630561 332633 820591 660567
425267 480650 367995 148656 452541 527697 801335 938310 670317 193104 631924 245036 204933 22988 257609 266117 26913 551449 374972 217126 875563 952165 117776 105284 685738 508658 608962 760249 655640 376056 665547 697633 852003 957666 124982 420125 825545 12305 588915 825069 475711 717746 712378 109503 483286 709357 237146 32692 341354 715997 113090 626544 724501 403419 707123 393251 335251 971054 806402 703342 821901 891937 195706 327379
605092 529510 236228 722755 910310 165997 809323 690686 269187 214584 582471 500691 914931 985313 176572 357608 555989 884536 539964 619313 767919 600389 897552 372079 49407 921229 127908 734 36479 896126 777594 439607 79778 950035 363010 814787 375183 303521 659404 35835 896025 364954 30628 672554 376879 466973 989015 667747 29830 969713 386835 524436 565539 441838 538434 354120 484268 225556 136390 177795 364688 52433 719033 983809
843334 360910 206328 713492 187132 428262 290793 695852 608686 544524 63393 757302 331589 977348 159239 111344 144758 897553 676460 223555 661142 186839 298904 57145 190357 236040 156864 489135 468924 375729 166072 720817 356888 131808 836976 317016 350339 823004 170154 538169 603363 833312 201379 324263 401693 976066 513811 347157 274490 262373 246193 369337 831104 620434 178661 596973 280753 21359 430376 767220 553101 167044 364661 908177
445431 661320 741055 429508 612874 36441 667192 973149 956884 998087 397441 851741 667919 342630 48290 337188 434267 892641 503108 577749 365850 867483 878645 510276 208541 639023 355252 553159 350840 629455 978519 215193 176322 213810 575420 107217 736602 532984 888702 856339 872915 663715 948805 839728 28327 844178 67509 765757 360866 722177 477352 309011 504120 299386 840592 216287 582126 228091 888779 303441 185932 414522 844219 80300
184504 475703 176546 107860 226347 380426 447746 607291 950059 861102 891036 966776 162531 173387 635763 250268 604821 398566 919940 398351 185174 127806 850652 738077 488304 571221 324642 576261 878514 737407 298897 964698 817643 162550 177950 929424 740126 731365 73657 426664 363132 335867 289058 269680 983386 309607 952139 864389 290351 104203 961916 818148 508031 419891 186399 97473 439220 994894 958124 321518 303862 68098 39649 241055
780758 120664 942842 351959 415683 668813 204119 803748 886011 709747 1266 766636 687277 616896 871096 295310 909483 239660 133627 610456 788704 749516 775206 669592 168535 639698 184868 994915 33333 718529 122219 209641 195100 971644 641263 122621 53229 962121 288460 760656 992631 321015 922023 291550 932014 949317 363027 501167 899753 67137 564973 64529 734624 556335 166053 196109 98501 218488 827138 363201 639610 259470 152523 60418
547760 828206 941037 101358 366810 851581 56645 479533 577818 136097 426817 538817 978496 586007 870999 156954 671129 244941 810010 638849 658546 533523 636363 123515 239144 303938 212895 656559 499828 282861 10778 874717 703563 200912 61119 479052 21665 546871 893157 200665 63598 775353 848267 614856 145741 360611 29369 856084 156802 432947 460210 205130 502601 441465 898461 11554 278396 680186 37142 386344 976174 472881 326038 251732
269040 303341 712166 410942 301272 820433 932862 596971 836631 23330 528063 260807 746419 826960 574816 393212 11755 778361 323159 883010 968106 716310 610199 282000 148945 924236 266140 105822 55056 423405 443255 102866 112274 509089 214258 972474 665332 345700 937661 273292 757000 445009 295746 97553 509581 563119 872530 228894 703834 80156 600961 30107 591411 534416 636399 190301 407228 87919 182255 153496 67373 553059 373982 407930
384296 407266 881525 589550 88418 299652 512651 725540 281325 265714 904490 256387 599638 303961 638618 984521 311318 430686 822601 262131 581855 528425 891705 968443 343561 753956 34428 611854 846631 349683 837859 952537 571540 449964 801441 960047 611137 261949 997497 317577 586253 189202 825766 450242 114344 424609 190062 991479 533024 805880 134943 479209 247895 431812 179203 547599 754412 519954 308647 691173 333618 769994 812990 577015
975348 107675 290241 371998 598595 619762 906142 505507 429491 714327 946141 630346 419380 818123 32852 52353 946895 790772 962557 37798 255180 305769 641127 598908 349349 998719 155004 55256 127148 157775 902390 695295 551084 544013 555897 178445 719936 668032 396979 512677 123532 789468 774786 805836 582860 818 902622 489086 344292 960121 589078 580277 913118 919852 427103 277875 371910 169818 775494 667572 923619 512408 900654 489056
459326 474610 201548 903448 787778 863485 232085 556716 667238 345535 560947 132664 45309 332462 618891 759830 917602 644306 997622 126531 85114 105691 690606 660495 778493 863044 202523 902892 49148 101332 733193 745726 946081 557831 300572 535211 77344 116876 509806 155544 875183 751294 796945 286129 463359 705083 602254 289164 427529 260197 53626 508323 313316 927215 718706 90514 998817 194859 905221 861323 255630 675484 172847 540497
215144 13042 338704 138704 222988 196269 963795 7585 81323 45691 374124 905818 489970 159080 861611 489215 951101 784895 424110 823992 356545 909778 414397 129284 772722 628985 846768 265970 752835 493666 797034 14653 167005 611999 991100 961009 201652 41156 930185 281157 663081 708320 85790 239767 473254 141966 257451 619556 118250 320956 19609 741706 156831 922586 133547 908059 5513 235602 768823 636364 294500 696405 957649 850277
336387 282939 748995 258895 739719 875903 608431 366736 619469 667270 134691 730742 632196 434504 635634 572855 947317 933314 86248 424506 239804 916293 924920 531336 266224 65620 158248 812012 654825 445200 896038 841594 790598 418238 135675 712209 383339 96773 122982 778930 403928 787409 471637 237844 611105 998361 571195 970818 64240 300865 332262 526423 145595 410550 901684 505400 59409 62636 940353 463137 947808 165406 686710 840736
855636 756347 847184 716304 846291 406972 656593 999499 297109 207040 769255 340821 160444 339668 231702 760576 732395 114635 37619 89130 795401 969672 136635 305358 6826 92101 23890 959390 670181 455698 221319 754381 502909 429771 655189 546673 257442 808637 364815 239064 392632 219292 162385 635389 591690 864043 269381 622339 439457 341649 586092 971788 505281 39443 342723 8886 661162 428890 356583 8677 129357 684876 746597 435727
851622 774118 315177 721408 507450 663718 625128 335121 983490 904954 418624 185644 812306 863166 630183 191900 469462 286411 728491 721681 367976 158449 991812 56188 942524 40210 919622 468057 968072 830071 267487 918814 842258 895223 264528 86726 697965 515718 477565 708999 897451 566699 845408 413663 287573 714971 891996 979073 182492 839694 717450 267925 182973 143211 799866 917406 274031 713381 225000 766226 555332 869904 33969 97551
831647 848818 307513 470975 685742 982165 136762 993524 851061 771493 10951 403104 877119 609200 461332 85127 302469 635945 625801 671498 225564 547410 230234 712726 817428 526579 44113 630427 320439 958472 236701 676279 720138 979349 509294 876584 59483 549771 456068 359891 950646 732009 335496 674524 160130 150772 607855 105781 610144 348905 679480 88420 122449 487652 923888 345181 732017 812659 138693 762212 657796 865116 626903 421713
684999 576113 575972 554055 510322 680569 331904 574697 201036 167889 244571 84716 300647 718211 287096 700889 551200 808729 162168 463516 49904 639657 863583 673769 972322 657276 528547 32473 495631 302390 459532 664323 624976 342931 457970 364331 302409 219890 116352 268451 61185 635019 605025 321710 398201 316182 709906 800082 665051 817500 703333 250411 337739 359406 529118 513807 138519 397926 471919 466481 99824 914056 856252 519551
367585 144277 895899 19628 714965 194964 607612 256442 804860 126628 782641 151932 117025 70054 635756 450129 306222 887256 214706 598711 120852 305167 449426 22130 496386 539184 373784 156091 7575 226673 834576 625388 781660 903532 907129 117846 992039 576401 884342 284212 120095 862275 726883 388988 783513 872318 527107 465865 786074 942783 655459 425291 270215 157108 174635 147187 851268 350532 68026 58245 34023 762536 200460 48687
955246 73942 782290 250723 928451 691836 401395 256265 386523 724276 683995 135639 914588 948529 524762 515946 944927 274490 334916 855517 29429 26752 423078 255554 450685 754465 387762 374759 784010 877627 676964 431874 608624 595777 74743 234839 844839 718092 354316 699575 529643 523814 552029 669493 293902 885907 17665 62858 831470 336538 710155 730016 608204 694180 93976 492264 170932 979497 4519 328172 152458 144078 647443 886402
46429 698431 301108 734974 888055 379900 196668 519769 591413 383912 767933 998342 549262 636747 93756 699203 328392 625770 530040 941881 791144 549538 626698 549797 432378 523056 56416 567325 416348 396473 522817 154515 997384 839924 550571 802458 529543 681678 873031 625794 682998 814912 901421 336197 704591 674125 399489 261355 355098 858561 673223 962254 186782 567045 885011 135941 365760 465215 116200 518116 770692 423359 615173 881057
804364 726542 124028 41830 144572 882107 169673 432379 924191 190460 453285 856826 26407 498400 791196 296167 394609 441191 246240 925048 609705 471408 796925 510768 977718 936791 333158 757490 711742 358117 414063 665167 127435 239284 797856 704427 706601 892229 636521 223271 798054 660273 645392 406984 545547 20167 942211 462919 397180 111033 436407 653577 774593 320323 502086 674544 638770 303811 730498 73225 17337 918611 329585 761747
230683 111931 752059 960831 425656 221587 879794 24905 653425 642896 643494 135132 187340 569564 27314 772136 358655 937901 686519 797345 855084 695521 791560 82233 720011 466937 477796 881754 315046 383174 361338 565864 42148 580227 730994 844352 388350 835529 251519 806352 5350 537781 649211 489060 687711 709386 888503 852207 310464 844841 181573 687909 446177 693105 20784 265100 554483 17434 546992 912467 749690 860975 627065 58853
150533 720973 383265 15934 883552 98665 513451 988020 7048 512950 577811 850620 887966 942887 921668 699860 885178 523766 102723 158334 885182 136844 233699 739820 291706 86766 440799 318487 387553 340251 225109 625426 479552 833644 751704 545357 417355 470275 457488 658417 937269 984199 498036 202813 840263 623825 634404 31302 914523 299410 371406 44503 903551 74478 904582 653123 604580 990929 399762 390391 869370 529527 840238 705489
692863 820979 704504 195108 547738 812808 192736 350792 208433 245404 665694 828297 92100 255309 80631 948146 965079 815888 4892 552342 864099 620612 797306 464640 526434 127347 900661 463212 167653 656726 673392 200819 530720 201836 49642 115794 111766 293540 56725 829487 759614 796809 473766 400990 105884 360919 984607 450922 490954 906965 897911 300529 883805 868009 83076 17304 360702 642300 791762 500786 495331 739915 991302 835310
554215 562864 736703 232142 86608 745050 753281 907672 621890 111682 781246 886780 760307 746223 25351 118504 883543 913058 479964 785436 848356 427420 857241 600875 458726 63497 772306 714788 834082 316005 537401 850002 157700 101646 915634 904733 920777 828145 530685 761285 799983 466381 227486 658806 633639 597750 684004 174848 352625 974185 800705 768631 271975 977504 217159 164768 911311 12196 67404 217463 554855 887866 469520 895036
140054 678188 396775 454221 560188 285936 572900 481927 179533 991912 869062 250710 287482 26184 549730 661154 23768 680341 899667 304921 406842 281171 410531 558352 193177 910841 108446 393733 454035 646092 935823 530814 555991 848254 350086 773755 717738 632731 731986 404499 952018 837088 859985 462082 55716 510097 10051 524619 92269 497584 750311 315066 604440 182453 301355 821532 320937 18124 116045 304340 392402 450195 226904 963560
444758 598976 241081 898676 972829 945926 585726 76865 804151 417320 674541 117485 899087 441273 99040 834483 213576 167515 347362 676327 576956 255820 517093 382552 102083 435754 766450 209309 449300 552490 713248 628500 577187 929486 222284 687001 609793 949682 257596 713460 900740 710147 442891 819404 716467 912034 9027 899405 932416 916574 32744 643232 79341 1966 175973 405163 472794 177435 808321 555550 556272 988858 702680 38643
671481 316137 346402 633542 781921 940730 440570 226688 769414 689327 775957 892811 198784 216205 372810 187047 718162 336579 898314 168210 839979 979669 175676 462705 347195 447929 836801 372313 159300 596009 304241 417039 519600 552529 415140 249224 891785 868628 524043 81255 774621 921423 856432 724851 764431 470407 425660 485254 753290 473989 909187 909385 941560 165406 323882 299523 34028 754976 768610 776577 145682 418544 959663 735706