989740 887284 545928 299840 768104 547602 823702 133299 717043 582270 104671 250358 496287 699782 288621 37450 377066 785176 522406 840601 434488 248130 104299 198944 440572 670902 199093 959336 629538 647797 641700 322068
259267 836695 311284 552388 498466 939603 399188 787791 517034 643322 279577 557429 807608 926290 52810 976862 173211 407338 111562 158804 387791 396028 561505 466099 962539 140953 770899 436327 823032 566376 833544 557522
151371 207013 739520 632608 341355 248188 425466 399273 239275 171936 459940 105202 786303 937973 199569 553309 878994 100458 164195 264436 734608 301971 950040 705598 417599 212922 780019 436470 505573 14987 587129 885805
774553 36344 951056 313787 472153 601476 587456 826860 563840 7805 864388 996134 347583 851171 273619 383341 839177 951818 169610 707678 366200 598373 916562 410615 966684 280876 936597 360252 841444 390084 817074 411234
552252 814746 61760 916440 62823 453799 267687 810043 734618 317439 599895 257637 15855 157984 275128 616065 675518 574940 922518 492479 651974 387185 336959 485609 826148 647036 707230 375471 772430 632594 62680 419517
983607 932755 497121 715943 837060 652483 194021 562935 858129 886557 677526 204950 798117 339995 219282 836549 517308 865717 517899 300854 879664 394586 800758 983855 401898 380453 640848 759153 968496 201095 40976 717127
45442 403446 155258 497620 605817 871803 980761 78682 312630 195199 330519 836291 601862 16474 524004 309396 861049 925149 130257 451042 996066 914167 223970 367072 609768 73836 505951 635199 528624 289452 272396 142412
632473 621527 994716 407086 38703 672076 402703 550749 398617 995939 506454 172071 24463 104730 235818 706494 313386 123654 259355 788255 226119 197602 58784 603346 247104 970237 455568 456495 752000 548383 263822 973229
980829 907401 842105 744508 210106 179333 995127 2134 855546 701936 805988 894616 205322 415777 257300 65879 191691 182637 908339 281503 653611 68350 925450 735865 75836 992722 670317 991042 416420 532556 930988 104594
267375 149963 627427 749541 806632 643709 735925 815546 591897 126125 498259 816535 762371 271526 459941 147468 710972 46293 795016 935366 413814 209887 739218 314005 377859 405461 895596 476003 179356 338786 958869 862285
163382 785542 278019 12872 828004 608581 589973 485116 13831 448686 811583 727382 371332 403805 801327 777327 4063 559831 671610 612493 11174 845452 359760 537083 46612 980673 424436 841051 426775 597963 345312 292035
54846 702252 3462 432837 792285 94588 188205 865502 547280 197931 237845 132781 246391 415189 859654 707360 299973 991466 753535 128387 942046 775097 561593 476740 778550 941270 171415 36013 347034 555839 86671 363617
513013 318633 424297 297739 628220 523626 310978 410454 634714 754535 859515 310861 973301 910714 713146 527381 599278 11069 813568 150141 671700 115667 244308 22258 143237 205440 134415 371463 298911 178637 621727 431520
73874 344593 827720 666256 953017 47774 801789 927509 235834 178358 522581 512309 249457 829458 628825 289526 534468 280426 272713 429182 192940 467398 576216 947931 536556 178105 569538 411781 607963 682495 389708 116815
407908 647711 388862 320890 398873 236664 227142 265028 227989 825405 243629 365038 934727 15413 618035 391389 134017 341385 992979 154831 973127 693743 614473 855579 342133 994109 537153 955484 260842 75172 334212 354256
526934 730579 240756 423097 935122 606410 160675 981545 752276 253140 232068 307633 555082 517912 832746 51718 335428 540315 846474 707138 54670 581751 516590 498477 397064 83857 285555 918931 350847 709334 518904 408446
105461 59933 502323 937304 20531 209678 30537 265213 363703 457243 953650 456068 449057 529210 197105 835799 440113 351029 634410 224696 893084 635859 627009 307508 879513 956035 376905 848148 990221 175913 660424 552839
137652 12154 829202 594199 251651 71045 490139 575044 465106 477551 162606 498390 854695 434316 480965 71418 870686 398457 842032 324910 953504 920368 504963 839141 40835 632952 591348 361274 541145 914482 923378 496587
220312 187677 557074 216338 927782 441800 522868 148991 926328 932333 573963 851361 946886 632396 419071 599263 372082 827854 328527 352842 911395 165345 498912 576389 62109 25801 425286 702009 765739 605531 376920 323862
98798 988157 450200 445265 640611 576385 754270 686713 425178 373579 982650 727925 493302 140629 455410 44546 118217 465316 499231 236454 298447 152260 604242 303313 593663 652840 610494 250579 241366 396486 961217 958082
542966 783439 106792 545201 436135 100623 843883 315930 61288 323363 854160 982652 997779 246911 188644 16998 736968 467069 264408 779198 923572 387814 332421 822800 813676 660443 511620 355404 410126 155512 212076 890464
383797 466224 584928 970037 924373 275812 187423 738927 219100 311715 581192 989312 204215 840754 429405 265708 100695 133241 325432 865727 942542 697939 430640 196016 52281 664298 516062 259517 321459 605710 953627 492390
446811 573751 415407 588383 10038 819115 306737 598769 565190 3557 83577 161845 310995 430775 210300 67027 636595 693030 583472 772786 451349 127925 869856 427005 778645 481247 89911 97743 852266 844045 699533 853123
802764 560884 904520 305202 540349 432620 442929 11690 465433 963327 920597 894867 733117 838053 761776 229683 317442 310293 154461 453140 16041 916323 111680 860877 342052 179190 488635 176290 972237 214896 670834 485581
723273 789944 988088 672036 708731 878174 635947 335598 148119 799885 719394 343487 678479 338034 417070 881598 738131 4413 582705 197756 638804 113866 496389 212807 537401 209797 640243 433322 712953 358430 682160 523638
940248 57145 116415 184294 873998 486485 666497 968483 590012 342492 143514 238172 10577 856976 369551 832682 563828 121058 85920 780405 795290 972327 526703 537868 579887 263458 212601 991915 583881 223970 669657 389164
186190 989113 970167 610226 732307 165934 493787 173939 721658 364821 877818 904338 312684 600479 343524 411876 581883 147276 19746 98768 427244 370687 238797 266638 473323 293629 985744 728961 202547 393661 829586 582760
373866 244643 4772 626724 811946 226632 792890 118186 854701 127029 329097 609099 869107 737733 398621 28423 183488 125752 290831 956625 749590 561574 950963 593416 257499 124732 644663 824778 833836 849042 653181 911532
519621 392267 983618 409317 675118 339725 326477 502409 364865 977285 322025 719499 819854 769972 436652 860147 479421 830193 48059 269516 706481 460855 359234 59200 804948 144679 72313 513784 424686 317488 783821 417833
132076 396533 540150 980506 213975 178110 670380 922842 216501 323810 503699 835455 889213 487500 722175 299079 68473 119712 246013 421206 232876 706769 244591 451661 484869 933154 557463 976159 791863 827861 508696 490553
800517 909916 110569 634218 384424 768699 427006 328522 542153 631613 910896 553455 309784 953058 447308 663798 738691 80515 718801 677771 761561 372008 320493 262717 717498 377662 301546 683651 21358 133937 468639 252423
857507 786253 559914 550555 318592 279105 710062 847817 755283 64880 415343 847439 119482 891149 755360 464638 309530 760685 223988 547854 942810 309075 24651 514022 514613 168578 809059 243477 739206 516604 672657 655651