536648 625060 176109 906758 953839 513042 565745 801472 45016 303182 317164 491173 66979 488980 77943 384768 201031 800766 231344 289003 313638 867725 277538 204111 947194 291702 814293 412001 699199 345713 44878 583606 184976 468815 159771 840571 494664 399437 532052 656107 466749 686527 242380 481740 691854 936095 263029 979638 399516 366684 838424 878469 933087 968668 734040 997479 444571 9123 100269 660938 738300 413536 115061 54677
79348 260422 206892 32345 387591 438658 978890 539159 783924 545905 16826 184929 160481 130060 56087 734962 538393 174307 410897 714503 152389 982058 671187 791345 244370 992313 477901 39636 477247 2664 622105 136107 498358 922114 475085 990700 349324 283052 204326 643148 775915 785562 638255 185008 394217 336790 299539 837063 769287 849539 291651 392895 859198 687121 414755 746366 493848 589269 277789 518865 289886 150486 682356 396836
943296 508736 513353 392845 762734 5928 419898 754359 878535 846888 848641 380145 334346 615951 207442 543932 739065 376140 566950 135374 28219 632872 477100 651414 382143 815955 794225 777251 314935 461597 432740 684232 357927 150522 607882 701016 350190 110947 436763 573470 794844 938686 668430 326183 301193 867651 725077 945022 695282 205332 668496 747079 959430 652947 405900 137829 362643 697524 779699 433510 671776 406750 202134 783851
746803 10930 468532 663662 29587 961581 955618 624780 749424 195085 797677 192911 776863 490581 889833 144926 675348 152000 737888 38162 587569 652221 235923 104777 961995 335899 291116 740120 386778 673038 822956 888533 405479 380309 687247 615366 580434 856597 732798 832828 215116 909917 541375 893359 761677 184495 290199 402531 369778 853391 212462 607759 320187 785636 849915 241296 768544 688746 401798 368252 811504 352575 467742 714627
642218 294677 472693 361554 475308 257808 520373 674314 685917 724453 504516 882736 555089 370403 748370 266797 131592 685618 341653 814334 20425 310950 729840 832451 45659 937174 773408 537718 194637 969770 575130 806397 312096 110660 305812 381811 561364 735819 605189 103540 415826 718569 282270 899670 564078 240344 776098 568786 18176 218620 665347 941787 888668 88918 532970 884369 827842 996181 957975 621198 66133 507578 270750 263309
5749 348248 631270 937237 312950 782264 409544 865592 17776 402310 863051 664327 202090 377239 922375 772152 179570 965536 722619 543444 147551 694185 773568 586402 625462 53621 378627 627427 392575 423227 30905 651327 141729 314665 510150 221320 398377 234596 802819 934863 368362 23655 30757 262920 946802 522636 344168 239177 369716 645923 219676 481052 383033 592294 826488 577470 343813 516597 176562 410167 471344 184214 727608 21604
581169 361932 267511 705245 727339 241871 62281 482469 124022 54979 281080 113691 745301 422332 991401 319864 242626 462019 756064 604826 25135 211118 349508 685617 419881 591709 940176 586770 341734 271162 155295 732876 545089 706656 324356 638603 428805 455275 665839 614823 41481 514466 429296 321896 497396 68488 139853 422470 857565 848018 238029 441947 259152 862489 666677 808503 501674 3629 826739 510598 150555 469944 674985 123302
22252 245296 518734 513251 358182 474710 977615 319823 662417 251832 965867 920589 992463 643070 290409 171029 789998 349777 235829 917044 798963 780585 182439 946752 718022 48007 133899 250154 14262 989119 617675 207362 299610 721555 649915 363505 864150 513573 178150 801182 852234 251775 452576 500951 659635 282457 260983 470986 263044 229654 887916 309781 364482 172081 671746 14116 550889 112954 124169 738962 585718 364084 827722 130763
228741 23907 211275 983641 291427 379385 482496 420033 88484 694371 774412 184929 252879 993056 620736 295466 598417 463273 564420 852985 412218 313190 259078 454160 59506 950103 730688 581892 325715 134284 694207 641612 937944 873563 1157 497644 460081 164929 78453 150827 580895 160726 322021 66215 426897 5420 852230 957121 387754 456680 599061 602061 524769 758916 89629 742885 730276 34226 281477 312602 569652 27810 437696 650751
469165 30872 281918 516096 139566 832553 149977 675851 334961 830632 849895 291335 905805 224703 284356 108800 796331 574503 985167 785308 44208 387369 515229 689025 900386 341743 455834 594726 7613 601536 250712 242285 963474 667965 775301 757470 523739 5538 554508 46932 550846 751264 715537 479583 726485 706236 129866 759261 6548 122200 992968 691996 112823 169408 721958 153466 377949 731337 958200 534587 91548 822563 385127 333855
339518 966350 674001 378459 465097 519375 55646 68063 261233 310688 125862 545421 677206 549970 766676 354696 68929 950489 550161 189536 561024 364930 334413 621331 606349 541439 982565 681448 20776 657177 495528 645354 803212 418042 986833 51411 52663 732299 868123 536647 111620 154837 720835 470649 726440 346461 664036 813214 401 612566 963003 846286 570940 211555 324469 192379 657962 586548 396854 13193 882489 589677 234470 583471
694035 326254 545527 998254 346433 31896 84015 523390 93253 891298 156004 187050 875206 972991 471809 713194 651998 502458 183111 617414 628635 557803 218372 789663 894768 100193 1541 758504 770341 359212 28819 786288 788494 537453 259896 494583 106999 950721 585450 282002 83904 579410 467771 468867 874846 144147 935089 421518 668447 615722 986466 982268 908134 616042 379804 828031 623274 245395 653664 615666 941875 857105 287645 229392
315655 49230 13979 787983 19426 240540 406422 238808 753293 415219 651966 900560 422691 336614 770805 586636 269464 43220 832403 354420 559845 254936 133052 242440 159909 851705 251511 437318 463862 302515 237802 531923 137600 606793 927570 761013 607387 73579 80832 217332 788746 831585 998269 604423 73592 861210 745766 490915 974380 371265 546847 37325 496543 488139 753250 603951 460231 669125 63804 332203 398959 878747 400617 700533
912658 912657 56197 108242 677233 598617 807657 519656 238008 127501 548026 198361 142839 76457 323808 417272 508350 274990 816648 422835 761672 626112 461465 156983 927334 48436 603608 675951 674128 888955 685860 20426 998983 161068 965350 30702 677201 584269 849901 995971 852283 315132 586865 18233 78073 523019 866007 19887 146554 23810 680660 783508 884696 650875 256567 168262 167008 505195 970254 408448 557003 396750 662345 290976
897350 752851 697943 520217 326329 155939 305484 856999 690008 906935 213253 820003 437208 855006 802039 263746 393669 346081 263874 1182 84448 254199 110457 405087 625005 646976 105190 596759 231295 30827 28492 335467 771886 826383 445112 579533 539616 970971 790073 934997 404386 548025 304933 600865 437101 694477 72826 922009 584320 66038 935492 487979 901653 862312 382366 160177 107021 729166 746253 646958 322568 216694 373423 94504
689970 607394 58824 381954 574610 925133 715458 15908 598016 373457 242311 232403 273632 760358 188217 475419 666967 355994 870659 59533 383746 464740 454172 89678 104991 563176 459030 967304 567122 573103 737016 637929 499033 907803 264936 713243 445822 498034 781306 520249 854969 869946 117251 765170 330179 282101 226659 428248 154492 268191 534127 5972 510143 985449 112120 56117 269582 172631 975787 974208 819477 399427 433522 351415
902359 69594 31031 27582 928952 16294 679248 308358 197128 513805 322580 754518 329553 840698 44928 141433 791428 385840 594409 783126 551641 276548 897196 650069 607665 516823 325965 364167 22283 263245 886627 526882 11873 693711 415850 241143 481187 132374 662571 787709 58091 864332 627176 588366 100118 803428 684248 227646 771748 542226 180211 203882 682679 834174 49076 873771 273179 176704 14266 164408 417104 870723 380736 981601
288649 88586 365934 132340 431209 939364 348876 854249 947114 352322 932220 880129 704349 276876 31960 10485 784298 553528 169736 501230 272083 201702 313408 558946 317080 371904 940366 294688 976679 440702 661169 391758 764347 490678 98878 342227 178273 550248 925523 680760 503619 949590 985869 714882 393005 699547 500550 801567 940270 698427 300399 41450 695148 67549 210047 291878 770869 935989 283185 133024 727147 679064 813424 724524
790989 639911 338004 399348 468921 823597 727975 39851 292894 901868 942297 875585 738557 591902 292761 852733 924908 801263 943207 175470 127664 76815 594227 292040 755549 659211 973143 105817 783936 662096 543784 264108 759415 938051 140416 67309 448741 121648 806316 237906 774260 726552 382525 211760 175557 225788 151791 959209 590354 656340 527229 618290 995287 336839 195156 939855 768604 515036 151848 409011 217640 819968 286197 648765
195064 327053 747733 438253 708044 526435 121813 997697 106440 38595 715243 399360 826470 315122 796489 92612 368174 18463 224585 576603 174437 18395 389083 965703 383545 371189 830501 900903 802921 695913 254298 711467 79210 139911 657443 680332 168967 243837 672876 484878 244279 642735 50716 86698 516031 224271 2212 818767 736181 959425 986842 295677 864914 837993 76986 527843 704790 90490 610644 725700 69799 428593 352996 545944
895862 364878 850424 612470 375604 151330 229331 56372 366926 473198 925604 956668 870875 114838 337174 288323 447077 982045 151114 466681 651218 446471 996638 707041 56605 792235 64068 231335 313129 26957 941461 88871 846110 738470 679702 687238 31778 972862 434415 987257 198528 473832 289519 148648 511350 358386 261080 413697 765855 285404 904131 499012 806061 366923 235526 860912 867145 63138 246131 171365 611909 635950 83699 642109
510547 34441 771384 75419 20054 238014 12015 78738 979839 183493 465748 462661 556171 139866 391799 814132 301836 390944 328685 959852 539665 998058 833168 957013 540098 930086 714455 75131 376345 268715 227468 152086 143118 497938 76683 566777 288947 348866 810176 256168 23182 410807 714349 296708 283309 576214 268492 127037 636788 615305 735708 144536 858481 776941 337469 952500 619612 474919 996361 207011 285152 102355 363946 590962
766688 476582 549082 98323 88413 279570 133633 610331 37970 478091 790405 811495 435349 943454 39672 343511 111265 731923 270152 69302 624582 373484 387778 926564 572138 125780 428386 719052 45965 292338 781533 933446 484122 248672 762417 508150 349358 495370 116584 895984 987747 160220 767837 720843 670023 535055 100464 722947 725621 301070 477718 181280 318364 907064 179580 147189 22331 818853 969753 26619 274161 278525 881585 261827
493957 492829 218470 368634 547626 389521 961992 247144 185317 994083 53670 523022 441162 731658 952046 382418 363 134134 750638 217173 868487 288731 120065 655501 752069 806451 688238 281677 801526 402637 493706 447258 73505 877521 514201 832445 824483 702222 583215 657143 519021 67565 475552 716210 672441 4567 276583 163157 12726 283076 470506 957783 454422 605182 7223 831070 728811 573263 867799 598970 878473 857275 588935 396074
577641 425859 645037 7316 661397 74090 659437 846188 488550 31954 583249 955117 354111 668080 598476 708011 741761 67553 259680 507397 813149 720998 49756 872371 54067 882627 614330 325621 423628 919587 604768 680916 202031 593128 95222 305878 60866 887445 503627 718370 521858 80647 486746 373528 877044 183297 587212 286846 740080 615262 558333 56537 18457 508728 623997 198369 476356 482194 413047 468939 490531 659850 969139 185190
216350 353707 143520 52110 118046 658576 339246 69246 355962 180402 366080 986184 361146 326899 136665 964827 922095 182065 52297 435202 37413 944345 447172 133359 696483 214459 490757 760574 743415 964900 335068 995299 656500 902680 86179 465727 512680 340999 645967 655171 92120 317140 124221 120081 986861 589653 22302 926253 910683 328821 536995 201302 925339 910175 324367 109704 61688 382566 568886 965180 320266 19452 692258 832155
638831 206184 573639 878354 985658 469118 591530 582541 595317 385117 699852 78191 517992 970193 323963 950360 823514 214488 457920 397429 527141 298391 852318 652248 972662 147659 567763 715216 135193 661729 265456 556529 861303 131341 742061 116975 614566 397951 71776 572418 136293 502006 516772 208618 940384 253762 758944 179483 595133 685843 317246 831280 493573 619148 696503 646628 498998 910549 168583 66733 869370 974122 708913 672433
180946 896809 482744 858404 391427 473578 39145 575135 857062 576853 451287 395949 461281 824617 29504 210579 437767 286630 213987 385561 928484 233016 839627 620201 959546 379297 989937 541292 957641 890502 258763 495755 21894 964491 673240 105316 235154 380178 171157 508264 968427 452434 841239 364104 286209 643469 290965 688108 200894 411227 40573 281525 944188 899075 884916 918764 505321 272072 739390 318950 113030 651457 36313 566537
359542 417232 600369 367316 255120 657820 395569 231353 684256 667732 295507 867370 389983 720218 239234 474998 798566 985534 182724 148534 986678 450519 641990 410740 617767 669580 124061 575593 630594 390112 629715 993637 981520 191843 247379 296072 417132 220147 246573 273412 421431 617100 833075 34851 911208 544598 491252 261168 442446 826130 633779 852974 958436 760100 386308 296576 770256 221754 365980 780778 533693 931457 822446 601736
367974 666611 739756 256440 453729 64174 203962 711326 82533 633870 597840 964272 713838 615681 422952 305381 487446 887359 760099 945685 519451 220405 470225 216345 250963 284546 70926 162805 443639 94428 746201 746144 203601 733042 943800 108779 527384 132385 239587 609057 230030 255763 258512 513828 591711 232933 454212 324232 828103 470068 93915 491850 601757 858662 914224 291124 576330 834925 957157 625858 34235 107522 286662 187814
217221 896204 951608 852273 144661 49419 408077 661790 174622 636859 393829 646473 228998 15094 61708 781103 879880 301290 693762 812614 452000 903000 81470 435878 860293 988853 379769 515771 899192 605442 185682 746724 976550 923508 962742 633863 67831 613013 233379 949017 341524 16498 862620 747843 394518 806170 932775 652653 236796 583240 845542 906565 773826 54245 538109 273887 500612 430483 515858 109243 46028 580436 176957 863843
856291 84118 208034 777516 371897 451901 692134 791989 163907 648857 643669 322816 153078 382401 546335 933204 452544 964737 402428 793701 680426 319141 534943 25305 107939 123592 306177 606878 755851 118791 260663 188520 954412 401689 914597 418336 568400 659612 461343 280181 598243 647059 73710 761790 127188 405308 449925 511161 541799 173629 593560 580942 599888 702817 7281 375635 217898 996056 382185 240084 770081 341493 844962 513623
276313 787482 343649 146472 409805 418302 680689 133408 84277 59636 814675 746728 494269 339173 450423 618230 303411 436303 443949 441292 645337 181611 902498 587869 277648 924998 689354 783509 208286 240341 279744 592908 639700 392100 555206 593964 400767 59303 494969 559081 905402 515063 313131 412101 696834 351939 487414 39449 447084 765695 535680 110888 479496 462066 603783 405698 268740 868894 974242 765516 492690 495360 280015 669226
655062 744147 961624 747904 99316 129667 556655 581768 799313 658185 344971 774859 539791 966033 728079 148480 87337 146010 666810 177212 903476 949970 544785 840798 386847 508697 898920 826566 546082 855878 612246 563889 306478 667026 945763 782802 192478 618098 666123 613028 296978 43526 320923 386495 596752 668199 101434 777813 753671 962501 226485 921632 136649 657112 178644 156537 967060 543426 938800 876601 652125 527472 428451 632560
805775 70664 108017 662265 558041 945930 948288 477481 421040 486849 492588 637064 941394 61669 682917 315298 286934 955306 611593 122464 455220 717104 129736 21170 153505 233272 276313 745061 681599 689336 78414 341817 696305 830836 984957 210063 552583 717982 584904 587296 650194 662046 150256 98052 429526 387792 475726 351616 227362 457506 685039 808320 517582 239026 193088 282679 731889 852784 2991 999373 273034 76162 817983 395637
181310 976535 665821 295712 814302 963935 704439 427054 478472 648765 356173 584583 392976 484065 90285 295529 355232 241606 425943 322694 509762 617641 290007 933543 580280 319416 141653 435502 995338 381800 566183 85238 860404 479452 178549 349966 843932 673460 802453 354590 604914 973560 210941 295474 540346 922286 824313 182758 499025 154562 925293 739862 642113 2054 396190 124135 544544 772143 551119 560173 142479 826460 873658 213868
167928 817730 775801 826074 654162 157143 132569 172495 827559 654374 663743 87235 201608 277424 661091 552271 702676 914018 991093 549901 522754 242916 975882 33967 697572 224291 510578 61020 868540 627663 531023 519082 752158 255618 35357 883508 752144 941503 575657 973820 272507 318521 234745 972622 703325 289593 489463 751073 865440 397939 128349 276203 295903 386501 99056 447416 979331 521053 702616 520793 565989 761916 901584 90235
306864 515570 843467 605789 857382 385531 910153 910991 369132 922443 755555 901172 542791 722581 200033 628450 9084 53828 601403 530656 77432 889710 910231 361313 258400 900625 547316 547481 298904 623392 212901 251077 780463 616594 855557 283723 114038 528310 51158 194674 835474 964622 522884 499855 467655 809193 775808 504325 886339 673496 478123 312166 571286 673376 708148 581026 57934 692230 704873 638954 318732 285842 174769 216502
690091 193560 101295 413788 461437 373472 631042 185988 539484 621359 49596 847000 86210 159138 599492 871819 20125 257700 372992 469198 41757 903876 523231 285133 668231 819039 239792 86383 313962 561588 299159 129034 124598 578528 981459 354639 37051 189081 68323 526311 647981 480302 779882 858227 747958 404872 432185 2665 271702 898375 134217 150770 831275 584250 399099 244439 694156 21021 846811 391220 8358 345981 920126 670783
258343 686157 973739 668208 981900 38814 958057 978214 449851 624262 576386 487376 971788 889244 32762 338538 305391 369831 644452 687387 566425 129895 4170 349455 952003 221823 549781 84809 645328 191787 305280 266467 917021 27670 246096 830937 894747 941115 413873 899459 190270 408847 841355 48443 770927 262819 219914 658348 752946 159874 754128 910999 644670 892065 839880 838214 711936 125912 579416 11288 907810 883819 482231 151561
141248 364824 184721 117918 307432 929986 791483 988076 158305 806288 785798 485706 380392 581220 211788 50393 988909 132880 977481 518930 987252 963905 54887 626805 466872 943238 42774 579780 584440 51412 842378 705451 909592 363293 835025 326373 806007 544409 542855 524622 9996 190527 121543 355101 282382 18298 675122 299847 951694 551364 615761 699596 210787 215016 82546 598474 337720 25541 391564 99817 179019 100706 842890 231769
358315 932615 535660 868555 228913 617494 221170 501591 46593 121964 84514 5728 312932 145144 123907 184401 149960 99314 742365 437074 975121 923922 658472 916625 614680 356962 846219 206281 825289 335821 758944 625721 864229 341218 376034 653615 305920 193658 471049 498065 676369 822258 627297 471170 493219 422187 853964 724076 258575 25988 451139 715282 108866 549711 386681 579855 855732 401225 675623 964006 550776 476862 256455 517229
688313 813986 756229 41180 699608 115505 499385 860727 823564 194582 978199 376967 552061 597756 726903 431291 418814 540049 945805 545965 673242 576678 401957 360880 926188 761784 853264 699277 239691 651789 838848 324694 45906 287049 387731 967790 403304 896816 603220 773766 584287 245118 104228 186611 603406 27148 43695 943817 863844 553741 644242 366285 126694 80370 451934 911243 139570 854509 301496 24805 752711 5848 598823 422067
153000 271609 249356 91501 213531 966207 448257 88294 761919 842872 627354 42065 234275 627498 918753 681988 525244 725729 192923 346969 521846 727929 938719 701801 555641 54648 550291 228095 146039 283952 113347 957585 290525 469058 266146 524370 490199 570564 410250 965233 594549 140438 252704 839472 728601 598531 994212 161205 126305 818516 127379 452401 755055 246020 233780 403177 234994 288654 49482 791209 524180 871801 393201 535950
424019 158255 990749 730767 354745 857090 309927 807910 333724 49269 782290 874019 254019 971425 544601 703791 247370 746606 350669 800471 206963 260470 962968 264449 383476 779236 456877 657269 616913 780967 790088 710194 975332 547672 881824 833605 935856 891818 590327 601268 337249 695919 836984 317798 62233 872003 187017 183147 252919 371113 877392 506263 123810 200487 780925 670097 637798 131739 461957 877452 276457 76500 901168 147886
206064 393036 714099 368590 74779 284529 440995 108367 306492 388458 489595 685810 540024 78647 314766 866151 587034 303685 444079 430697 550439 36522 650124 726082 495675 732344 362514 480207 559091 807136 180434 657531 438839 778531 816296 480483 478992 699781 495776 193249 607709 438897 886066 176747 606398 281962 204047 370835 372674 416036 649637 141885 805013 894928 864769 908905 622521 200462 519032 205524 996380 331763 517567 933511
367003 512185 491668 668938 331613 326841 587668 459809 153541 55495 819705 230053 135062 964577 43940 967073 472825 658572 341114 713407 245375 643245 295849 2094 198289 419914 724540 207556 614128 250965 77891 713641 528711 932116 522298 417938 52157 861183 16269 405840 365507 843330 643146 878377 504768 242650 168672 371571 18293 637189 477535 864343 328929 696437 134301 22217 719580 236034 177646 31592 392551 465193 97234 244072
913003 619779 264026 369297 62178 916233 377560 855744 756021 527009 982835 417556 982875 729210 4342 817704 196953 966379 346705 727135 427864 807446 15212 849623 14831 435950 251937 840282 30136 480978 504784 296542 897898 99013 932704 612297 537990 953235 585390 446290 497460 534174 688113 440609 792234 645605 629821 814955 93233 825919 324366 94288 54296 507976 519198 61074 33165 367539 396452 473279 405697 256852 575766 532446
208240 817187 640188 108375 914546 654984 491491 31842 357313 791171 49271 52684 981391 84694 829803 96067 931594 630202 25342 32430 331094 897650 711739 419201 564819 775023 599214 46982 158120 659016 10727 543848 84382 616327 783451 882965 873916 118351 967702 530736 305472 38618 437998 756052 21104 134471 704125 461032 933694 67292 534673 330115 889340 468380 470913 940400 616641 633862 384877 642477 341096 749067 926774 87882
368237 907839 662778 148924 542270 765035 709179 241458 718436 406527 409270 235062 570709 403537 334703 110011 981153 912848 797723 650753 864633 946883 981252 524781 101854 645102 754120 186089 707040 485225 442961 280427 256483 799093 18334 145391 855428 264836 72314 50080 529357 81455 159734 635752 656129 29565 322196 712872 908025 384384 861507 148672 231294 856865 776810 318571 165301 533487 467170 915200 497630 9454 202508 156766
389822 65961 269133 992433 655286 395681 909981 521026 888977 666655 657933 260653 203327 418654 511044 231066 711517 159429 678366 645683 457842 944510 792926 616480 600058 366506 792309 375379 898406 431326 935199 290046 88174 974646 989018 32407 141514 908195 696959 248640 574042 110664 362173 695585 550651 697410 914321 558606 947691 894681 147549 510825 701946 346379 953101 648649 984657 773024 656236 439370 873367 960533 847942 166764
266636 661728 570495 716205 550884 363366 917336 861627 965604 192740 508985 206896 828494 953000 267147 715472 389754 66794 414431 24795 677620 884126 605012 27234 754581 623112 639429 191214 858529 350714 735774 75847 811547 465392 295563 373390 784136 911351 428991 363218 105252 515351 954679 330413 15406 388296 777947 932220 681983 108365 714105 154368 449083 871232 351237 843645 925858 409480 536582 33507 133294 193370 897703 932470
339005 36397 338497 952512 438880 761324 428926 750413 301764 953623 966093 573521 920831 229491 882355 678342 330365 778236 369471 178786 955437 124809 786936 920126 919606 213044 364007 600022 477757 593591 822271 601813 784959 915678 129409 240643 389268 15956 973196 219154 391169 120692 504128 118 951655 777963 71016 511033 860547 938957 31449 274306 223569 317584 33074 695529 784407 545140 387805 688024 776888 659880 523715 744803
114747 197546 774826 386932 610137 32017 634150 389400 157760 633918 955937 671966 175991 897974 718987 30236 907769 598424 689874 347264 658208 755051 581161 89571 270824 924769 469575 71086 796706 123485 645611 521799 391567 939518 639553 336010 989580 760369 726686 849095 626976 561673 833210 773158 347349 268129 352210 420068 41137 905555 577654 183262 582958 882901 969219 557511 326106 98421 192834 126256 73153 154550 813291 709039
17240 745093 983445 702737 613580 675485 690207 247567 615398 972757 375286 372748 400869 371378 703185 283193 418850 26920 930297 141692 963532 248146 747782 448976 9329 907212 741691 209826 262489 580862 126449 558582 515863 649717 997191 312521 230559 564420 595701 213599 93518 212290 362124 789613 191271 931252 633546 838551 784649 73507 244696 902301 224752 43457 548119 892610 359843 641635 869493 159537 992200 624158 651124 838012
133358 346520 998521 536199 776984 269245 528396 541517 368739 914399 604121 164645 935112 291799 715116 402248 22083 37841 279659 431313 413825 503660 442362 248773 954887 412710 98449 909011 404253 633543 100055 341382 594588 354941 550678 499854 395943 404930 417739 625294 858753 959133 26516 39792 176336 391738 23392 175072 71906 653409 707470 98315 702743 900223 904754 140239 667267 627770 180230 978255 776385 348767 350505 771186
333570 489719 721685 788072 139085 355877 952603 569112 814861 329310 302453 965722 348990 27781 818216 152646 187502 854671 547791 60804 292845 146476 54483 57166 437895 243633 752138 410999 71753 96567 218484 618989 612 641473 508606 711914 80986 905584 484847 136239 886180 165948 850782 132964 906831 450502 41547 712959 382424 320905 790563 356686 797042 488532 654950 913311 108867 402694 618764 565268 651454 43224 891918 842775
768232 772277 191174 160160 715291 72891 651680 86771 194636 312885 238563 304730 912445 258062 297867 941518 389501 15636 186280 390591 560945 703171 156051 949372 467408 909684 498793 121381 520719 774521 24830 378744 865304 796246 319750 970315 618544 12659 586597 974747 249420 194115 953501 8751 810463 898138 235070 683250 463699 666431 931045 822234 320169 924344 190864 284547 861391 478580 540777 196371 284231 341236 873442 871828
315382 293564 443824 934849 986987 317002 802754 855801 134711 448453 809419 765913 263860 513849 515581 211331 593153 762750 118228 707377 829426 706737 84498 445054 510865 500265 593288 697352 283890 859962 693013 931932 466718 376794 252320 672551 344189 905782 233635 653716 145442 526180 392686 736331 972411 316837 771790 198162 262382 241513 706192 581013 700059 217120 177960 378555 180227 349614 668844 825662 876975 191255 936807 946629
484289 54159 164209 778409 49830 444296 273597 187803 683034 24031 373453 463320 539109 539304 417445 739432 146817 582020 151640 667344 9421 64846 94668 766349 286618 564791 53178 604022 950307 408708 488383 396070 123054 187452 83979 221006 859977 603897 738067 388870 580827 704866 385369 837789 842500 582198 628092 463047 278674 798758 829828 316950 107659 456502 629134 596476 537693 227893 570982 303226 776846 290428 516160 427087
956131 487502 84072 892862 539916 497823 444598 121619 167262 388 530274 192779 688409 882442 912734 814529 651688 853313 700379 332083 185806 443207 396822 177731 623824 209821 202340 108532 92477 598935 162077 178055 35899 276164 404595 456262 90429 393703 304300 340992 434279 657378 758331 416282 859352 968933 161289 495734 997320 315242 922294 939110 927307 118280 91702 313234 431104 236631 20171 598012 678980 380916 140177 99326
414999 891360 469313 909759 306357 483336 149544 492536 541014 695234 591448 615863 560630 710826 373626 272161 212515 786419 839368 46308 936934 300164 307590 456948 956213 118360 161520 230750 617420 749644 54503 808762 799441 904941 424005 69279 73528 368408 640475 952501 229185 943884 970062 300894 570477 812672 649963 837854 199087 966528 74065 879827 230216 601432 409573 637352 418141 955351 851372 692240 459468 404809 437711 990853
654731 805811 160674 366300 221894 289289 638370 664715 554211 727538 649355 227545 316503 13456 697061 372992 150032 584000 422106 380213 785520 820655 542605 683583 950277 219992 840279 884477 519634 787634 469167 595738 837079 87392 656425 785764 472707 21394 635664 47358 69770 619469 546215 413894 462612 770154 654474 416467 498471 916228 983178 438793 870993 28097 730854 122111 557943 588782 442220 317244 889546 111697 422415 953428
549207 745029 455693 970382 957562 695347 490886 633089 331756 651134 665251 683056 447153 908347 884709 463401 675787 3713 233718 570893 910229 553451 903983 43554 85492 200087 196365 874722 871265 502560 854818 143982 417636 881481 829102 23278 252149 942470 125860 395822 477969 660653 135615 686871 79761 864624 680459 775261 142219 175230 820062 314203 238668 422816 483807 61774 975278 671961 27791 109367 594093 443596 619463 937569