924660 431050 92038 922070 255993 586517 953028 249627 483785 765507 104262 892989 782380 938002 282341 641740
254625 85029 331249 981911 48099 275285 695436 569918 319879 818028 59484 240940 120043 341346 516470 138095
388091 802475 672701 271678 73429 339535 990670 243545 20624 954721 154438 672836 67398 161475 526359 424629
775114 547371 655266 748332 703882 857681 10373 48659 705579 737530 758800 772478 177942 79537 685408 832631
718791 570666 458478 772742 50297 398696 763881 508336 40848 156769 537823 391185 135733 898049 566876 446487
59079 92681 503150 680959 563952 509106 59958 206135 479077 268936 821650 508058 806634 499169 864401 514779
235569 723170 942810 607145 868439 985140 410001 732068 867246 941697 684771 331627 272229 5094 772921 726034
691644 66199 3902 885907 827645 473715 61920 150676 112832 494391 534993 764967 872519 284276 312607 249139
914785 537999 765913 56456 592369 4472 653714 216131 471717 152240 168989 153525 41222 820752 248429 980099
275304 428294 20778 617501 761770 919932 48025 20717 590199 84777 617833 988572 474073 463654 501742 604901
399020 494201 144012 223093 606926 871281 232957 639276 827311 710422 568843 768541 650982 787988 429072 41391
154266 208976 439813 35118 598324 606450 266091 809240 132789 497589 161711 200581 163199 384686 77426 284449
32048 614880 826884 880237 478009 505982 676792 80817 672896 182561 310467 848897 681971 987921 179131 506977
715570 72710 945976 16750 300654 288459 859709 389375 455444 201854 314747 324012 173967 392436 779003 332375
780884 151631 918480 684443 269657 523671 635366 98754 768797 33675 845969 703942 13284 50021 982285 53124
9619 5276 83074 77829 131358 587200 59694 5020 47070 437294 820904 526101 490945 636650 472851 365585