607304 718247 946807 962843 212944 373822 910137 27718 565270 512938 89320 834360 953345 685441 434725 680392 973255 651221 427471 585147 831736 596012 860428 590347 891928 907869 302090 484522 791278 505078 67005 683437
834469 49075 715039 757379 94831 687376 987093 636260 265184 187227 228641 19856 650641 243449 572258 329424 576953 655530 367876 823833 183323 499389 235403 30461 961261 887065 959796 633356 679254 751973 525467 355090
888029 398941 401221 466730 602491 677939 888440 105490 122894 605171 440164 467321 782296 293121 883169 137470 240415 628765 930585 323173 616555 283529 394457 525119 643748 886666 870077 723149 163245 939876 930414 699467
146001 25413 696723 558944 730276 740761 328088 97225 399193 485517 749982 544154 253616 701341 959359 796365 634782 460968 318794 552106 708732 860569 858258 732185 13475 118042 256753 763854 895065 727873 741909 867573
803576 837687 260390 316615 769557 831936 211426 213684 392397 744361 360378 324773 154615 178169 296072 192569 411188 491299 196076 106848 668032 568600 67150 587353 322014 643760 83833 200217 534437 612413 827927 493969
999052 901780 988913 653187 720886 257718 614468 20165 20947 730172 619634 982393 954133 876434 14533 541571 483356 68811 74491 371643 863650 761685 910738 436750 637145 283153 926115 732836 575062 308780 640350 838646
482813 217938 376713 569270 994731 556514 166400 722709 688859 339005 535357 855288 999780 755202 620316 89892 607112 950332 457908 269716 527759 455711 596465 729406 930197 120800 906462 284866 34150 716923 747069 194915
302520 33561 81621 518347 402100 166854 934426 51011 632011 781035 843491 944910 97230 540534 621795 197647 195702 902323 773026 691358 90331 662557 68713 887086 366835 956026 837546 628242 575655 708774 918551 136359
389969 83593 221807 930862 832447 524096 738793 237254 649062 624041 587433 662394 242471 786160 102589 693147 873758 545735 801643 613685 194463 217147 299270 854525 185584 581179 817401 469660 155979 69790 461848 177015
383063 79192 648143 360305 555507 714961 196130 825398 628259 454052 143464 818697 307627 323361 780165 993585 328592 38981 915979 913012 133188 629756 103038 595763 271670 248380 781221 631740 205466 837776 87952 202328
172162 301286 760501 290947 56748 296943 255617 807144 41388 405419 966091 954998 378299 531835 717121 841194 838444 410005 686862 271875 887313 166952 915053 300356 864082 827450 144878 298462 495568 565260 150239 307955
437086 876265 86087 308381 566201 24254 649744 745822 52165 250974 185776 890132 982930 18543 408875 83997 875854 506151 144747 433681 320867 93222 920641 290074 814192 695480 51104 868570 457742 841138 552577 453098
171611 648425 730461 778126 580086 825515 32322 168367 758254 375908 581009 187423 48234 992070 781099 212078 978725 909763 449197 648399 472325 500262 338684 120074 845674 423264 765458 813284 719202 531000 912784 953318
522605 273322 351138 140700 759319 10203 1372 155765 758950 224603 677017 739988 146213 578436 908836 406266 231645 84407 386536 203996 320526 418028 497171 563188 119397 555743 120289 930924 724576 223987 479533 107956
39192 241746 179513 295663 524392 701049 17004 262161 712167 628416 906118 736652 744317 61022 804832 33467 390359 293553 451686 822056 601405 507714 10704 487852 626891 39294 609332 588195 872529 129085 154769 890959
80276 787810 739116 405915 687212 614307 951303 550498 217415 642050 187549 711408 817611 909663 584278 486533 701279 84746 347497 590784 211741 683870 75558 205252 210836 931195 407811 584076 908474 37435 84405 27794
742601 929370 418067 463609 768489 235696 886649 84453 794744 445095 550488 847866 55170 777096 501317 602472 442746 261293 855263 690591 376313 590755 915320 727674 877125 127802 601942 165093 429959 813729 874443 860765
634754 528521 949682 122334 93392 826530 51866 510130 881999 145355 357927 805837 315521 950544 449145 954370 423951 5093 564286 590282 927728 275740 648750 393181 203698 199371 382644 600672 629047 578375 5469 196081
933531 296943 757389 667652 126831 313863 618455 599529 532497 941664 513980 223868 191572 871623 291254 440118 110181 963570 227490 538533 426843 96201 423966 790680 824728 181553 355047 597537 554110 265728 870658 639480
788167 148648 319525 406144 718077 757873 327601 174002 263910 568913 442692 722569 527618 437602 436089 563388 918126 950747 466909 605843 464979 81600 278031 432876 934320 668541 753738 458203 324205 418724 417678 743243
617457 461000 640668 224612 907367 737584 343673 910922 376586 593773 543939 356240 68815 55087 434590 770510 693199 193018 754826 648344 312897 89600 723101 311493 887569 948777 283317 284607 715983 787711 371903 831682
270377 32458 411872 335270 54786 324984 737883 748183 740643 502987 465268 996035 559346 471090 673818 460742 840028 440562 139532 177194 114223 179998 914911 233626 387850 285998 204985 277277 249483 364173 353623 47122
434320 986179 644616 198141 50356 422345 62165 425962 658 348830 55532 908019 670289 968659 991126 677708 778238 44226 643175 963959 12642 592999 660264 277458 746936 507764 313700 558033 235219 238109 690544 504980
933806 176779 82764 265296 754110 835979 525444 232995 327436 28777 949333 623354 73600 396049 518835 452177 677593 851411 509170 817820 752838 211734 845339 856035 314692 972882 95762 906565 941318 155983 849975 529168
28507 378519 355388 671882 186380 731231 851624 960271 462409 155709 400357 897269 918548 725103 124672 390749 475653 591863 108007 267404 788281 126684 743962 313813 972659 975260 691923 162426 885697 712356 209160 535426
578843 290221 894959 517778 961608 105318 108880 561268 521261 632312 612256 671801 984769 336626 354664 262958 228818 478997 137650 571915 138454 894543 718778 824667 222549 617276 589170 290017 727414 478259 582421 665162
987441 915218 25074 629260 14956 627415 128992 850403 118273 37043 405037 757557 592491 825058 324612 570397 621741 501642 69074 272185 930200 665717 391510 568051 18990 640265 169337 591426 97190 105594 876692 393502
683819 979984 856775 114850 613697 990383 228383 935996 152802 58393 578721 352154 202627 27322 386519 758330 677372 17663 390450 724477 424158 959327 260650 230372 961507 269507 371392 376844 541278 859725 172200 137641
546939 306247 258542 688511 220173 440066 715138 957635 334079 475769 955223 523208 501919 150135 788504 967502 128539 110393 426586 652911 535446 957501 836662 371865 93845 732283 484997 30516 345451 857768 869850 719099
27691 879268 84852 124509 131389 459238 727569 755901 995354 525215 159188 235895 340673 220400 222998 884251 261191 978511 256446 388575 866589 954739 842774 46943 505250 231381 772120 399820 930768 586464 125248 137082
184838 965341 543760 338513 717164 614175 443284 782458 775775 735119 425385 669097 487716 972274 957292 300482 321504 518972 193065 941285 993108 619910 277789 929655 245356 944178 945660 48178 990553 131927 472017 728561
165670 264701 407482 684077 528564 243315 988612 799849 991037 233440 701861 281267 914443 561280 332218 715545 274362 510822 850222 245554 189739 497872 485823 867872 646095 82952 432211 761224 73697 721455 391208 979265