470279 771959 266543 655444 530314 651305 974084 590701 916298 530226 431797 541770 1205 292265 674404 407058
605548 989755 953308 457263 57921 82542 677046 10502 436643 81014 65683 252906 772434 569981 731767 213335
875881 392424 223472 989028 939933 601318 567845 898191 598961 204334 708905 202522 302621 838591 385506 171791
805092 590109 566255 865976 734189 818612 179378 158009 775916 509223 581268 322689 374374 116961 271158 27878
28957 715325 597900 231115 414507 438853 275847 21015 552017 959212 355869 89614 365232 581270 452063 298549
950899 727641 627237 356785 915471 534277 273224 55355 511823 304082 777679 849836 848768 220989 704878 333892
93443 916426 573234 912947 148337 137301 320573 543966 823393 436344 973305 42390 24030 850648 213256 356510
925323 542440 215393 927949 644656 168889 245551 312416 976533 617927 457432 507962 759195 782539 733481 453677
983096 31963 808043 595284 643312 994176 719839 304809 458293 900453 52190 156614 753601 871707 365777 284525
331858 791550 972980 682552 774524 809309 471782 960578 401499 570979 507750 792716 943146 107000 603930 628721
774970 661265 160015 796446 639341 919981 305302 397968 746662 947884 209788 411007 415516 996288 148873 467688
916665 197324 482794 572137 183292 175386 361856 299467 993152 848238 871658 712080 469340 159875 760438 587082
365079 113106 452749 129196 866717 981414 803158 364451 977409 237923 573165 270842 241239 686853 456144 88344
791328 373124 205544 369452 371334 150107 251317 555350 663125 969397 364226 425661 591814 39414 665440 736274
634570 10689 945865 890689 767856 909250 224151 395159 578655 146225 920770 985622 989578 429650 221381 245213
674606 948041 188200 991551 642924 465096 396020 392941 604450 344770 736502 446834 644134 50110 370005 891728